<?xml version="1.0" encoding="UTF-8"?>
<!DOCTYPE svg PUBLIC "-//W3C//DTD SVG 1.1//EN" "http://www.w3.org/Graphics/SVG/1.1/DTD/svg11.dtd">
<!-- Creator: CorelDRAW (OEM Version) -->
<svg xmlns="http://www.w3.org/2000/svg" xml:space="preserve" width="40.65mm" height="4.705mm" version="1.1" style="shape-rendering:geometricPrecision; text-rendering:geometricPrecision; image-rendering:optimizeQuality; fill-rule:evenodd; clip-rule:evenodd"
viewBox="0 0 4065 470.5"
 xmlns:xlink="http://www.w3.org/1999/xlink"
 xmlns:xodm="http://www.corel.com/coreldraw/odm/2003">
 <defs>
  <style type="text/css">
   <![CDATA[
    .fil0 {fill:#FEFEFE;fill-rule:nonzero}
   ]]>
  </style>
 </defs>
 <g id="Layer_x0020_1">
  <metadata id="CorelCorpID_0Corel-Layer"/>
  <g id="Urban_Cotton_Logo_RGB_x0020__x0028_1_x0029_.eps">
   <path class="fil0" d="M2604.11 152.87c-75.05,0 -136.09,61.05 -136.09,136.09 0,75.04 61.04,136.1 136.09,136.1 75.03,0 136.09,-61.06 136.09,-136.1 0,-75.04 -61.06,-136.09 -136.09,-136.09zm0 318.42c-100.54,0 -182.33,-81.78 -182.33,-182.33 0,-100.54 81.79,-182.34 182.33,-182.34 100.53,0 182.32,81.8 182.32,182.34 0,100.55 -81.79,182.33 -182.32,182.33z"/>
   <path class="fil0" d="M3448.14 152.87c-75.03,0 -136.09,61.05 -136.09,136.09 0,75.04 61.06,136.1 136.09,136.1 75.04,0 136.1,-61.06 136.1,-136.1 0,-75.04 -61.06,-136.09 -136.1,-136.09zm0 318.42c-100.54,0 -182.32,-81.78 -182.32,-182.33 0,-100.54 81.78,-182.34 182.32,-182.34 100.55,0 182.33,81.8 182.33,182.34 0,100.55 -81.78,182.33 -182.33,182.33z"/>
   <path class="fil0" d="M2345.91 385.15c-24.65,24.64 -58.67,39.91 -96.19,39.91 -75.05,0 -136.09,-61.05 -136.09,-136.1 0,-75.03 61.04,-136.09 136.09,-136.09 37.52,0 71.54,15.26 96.18,39.9l32.69 -32.68c-33.02,-33.02 -78.61,-53.47 -128.87,-53.47 -100.54,0 -182.34,81.8 -182.34,182.34 0,100.55 81.8,182.34 182.34,182.34 50.26,0 95.86,-20.45 128.87,-53.47l-32.68 -32.68z"/>
   <polygon class="fil0" points="2978.98,471.04 2932.75,471.04 2932.75,161.35 2812.6,161.35 2812.6,115.1 2978.98,115.1 "/>
   <polygon class="fil0" points="3119.4,471.04 3073.17,471.04 3073.17,115.1 3239.55,115.1 3239.55,161.35 3119.4,161.35 "/>
   <path class="fil0" d="M3874.7 106.62c-54.13,0 -102.68,23.84 -136.09,61.42l0 -52.94 -46.25 0 0 356.19 46.25 0 0 -182.36c0.01,-75.03 61.06,-136.06 136.09,-136.06 75.02,0 136.07,61.03 136.08,136.06l0 182.36 46.24 0 0 -182.36c-0.02,-100.53 -81.79,-182.31 -182.32,-182.31z"/>
   <path class="fil0" d="M1689.41 106.62c-54.13,0 -102.68,23.84 -136.09,61.42l0 -52.94 -46.23 0 0 356.19 46.23 0 0 -182.36c0.01,-75.03 61.06,-136.06 136.09,-136.06 75.02,0 136.06,61.03 136.09,136.06l0 182.36 46.23 0 0 -182.36c-0.03,-100.53 -81.79,-182.31 -182.32,-182.31z"/>
   <path class="fil0" d="M1264 425.06c-75.04,0 -136.1,-61.06 -136.1,-136.1 0,-75.04 61.06,-136.09 136.1,-136.09 75.03,0 136.09,61.05 136.09,136.09 0,75.04 -61.06,136.1 -136.09,136.1zm182.32 -136.29c-0.12,-100.46 -81.85,-182.15 -182.32,-182.15 -100.55,0 -182.33,81.8 -182.33,182.34 0,100.55 81.78,182.33 182.33,182.33 54.12,0 102.67,-23.83 136.09,-61.41l0 61.35 46.23 0 0 -182.46 0 0z"/>
   <path class="fil0" d="M846.77 425.06c-75.04,0 -136.09,-61.06 -136.09,-136.1 0,-75.04 61.05,-136.09 136.09,-136.09 75.04,0 136.1,61.05 136.1,136.09 0,75.04 -61.06,136.1 -136.1,136.1zm0 -318.44c-54.13,0 -102.67,23.84 -136.09,61.42l0 -167.24 -46.23 0 0 288.28 0 0c0.07,100.49 81.82,182.21 182.32,182.21 100.55,0 182.33,-81.78 182.33,-182.33 0,-100.54 -81.78,-182.34 -182.33,-182.34z"/>
   <path class="fil0" d="M310.44 115.1l0 173.35 -0.01 0c0,0.08 0.01,0.16 0.01,0.24l0 0.48 0.01 0c-0.12,74.94 -61.12,135.89 -136.09,135.89 -74.96,0 -135.95,-60.95 -136.07,-135.89l0 0 0 -0.48c0.01,-0.08 0.01,-0.16 0.01,-0.24l-0.01 0 0 -173.35 -46.25 0 0 174.07 0.01 0c0.11,100.45 81.85,182.12 182.31,182.12 100.48,0 182.2,-81.67 182.32,-182.12l0.01 0 0 -174.07 -46.25 0z"/>
   <path class="fil0" d="M463.53 471.04l0 -181.38 0.02 0c0,-0.08 -0.01,-0.16 -0.02,-0.24l0 -0.49 0 0c0.12,-74.94 61.11,-135.89 136.08,-135.89l0.02 0 0 -46.23 -0.02 0c-100.47,0 -182.2,81.68 -182.31,182.12l-0.02 0 0 182.11 46.25 0z"/>
  </g>
 </g>
</svg>
