<?xml version="1.0" encoding="UTF-8"?>
<!DOCTYPE svg PUBLIC "-//W3C//DTD SVG 1.1//EN" "http://www.w3.org/Graphics/SVG/1.1/DTD/svg11.dtd">
<!-- Creator: CorelDRAW (OEM Version) -->
<svg xmlns="http://www.w3.org/2000/svg" xml:space="preserve" width="20.27mm" height="7.096mm" version="1.1" style="shape-rendering:geometricPrecision; text-rendering:geometricPrecision; image-rendering:optimizeQuality; fill-rule:evenodd; clip-rule:evenodd"
viewBox="0 0 2027 709.6"
 xmlns:xlink="http://www.w3.org/1999/xlink"
 xmlns:xodm="http://www.corel.com/coreldraw/odm/2003">
 <defs>
  <style type="text/css">
   <![CDATA[
    .fil0 {fill:#FEFEFE;fill-rule:nonzero}
   ]]>
  </style>
 </defs>
 <g id="Layer_x0020_1">
  <metadata id="CorelCorpID_0Corel-Layer"/>
  <g id="Logo_Isaa_x0020__x0028_1_x0029_.eps">
   <path class="fil0" d="M1320.19 354.51c-1.77,-64.09 -16.47,-121.9 -43.31,-173.84 -29.01,-55.85 -69.38,-99.56 -120.93,-131.3 -51.74,-31.56 -109.55,-47.43 -173.44,-47.43 -62.13,0 -117.2,14.31 -165.21,43.11 -48.02,28.62 -85.46,68.4 -112.11,118.97 -26.84,50.76 -40.17,107.59 -40.17,171.09 0,68.59 15.09,131.51 45.47,189.12 30.37,57.43 72.12,102.9 125.03,136.21 52.92,33.32 111.71,49.98 176.39,49.98 58.01,0 110.73,-14.5 158.16,-43.12 18.22,-10.97 34.69,-23.71 49.78,-38.21l0 69.18c0,6.71 5.43,12.15 12.14,12.15l76.25 0c6.7,0 12.14,-5.64 12.14,-12.34l0 -337.69c0,-1.96 0,-3.92 -0.19,-5.88zm-105.05 119.75c-30.37,57.42 -69.97,103.28 -118.96,137.57 -49,34.3 -100.34,51.55 -153.85,51.55 -41.93,0 -79.17,-10.59 -111.71,-31.94 -32.72,-21.17 -58.01,-50.17 -76.04,-86.63 -18.03,-36.65 -26.85,-77.41 -26.85,-122.49 0,-60.75 14.5,-120.72 43.51,-179.91 29,-58.99 68,-107.4 116.61,-145.02 48.61,-37.44 100.73,-56.25 156.39,-56.25 41.75,0 79.18,10.78 112.11,32.33 32.92,21.56 58.6,51.16 77.02,88.59 18.23,37.63 27.43,80.55 27.43,128.95 0,64.68 -15.28,125.63 -45.66,183.25z"/>
   <path class="fil0" d="M2024.31 354.51c-1.76,-64.09 -16.46,-121.9 -43.31,-173.84 -29,-55.85 -69.38,-99.56 -120.92,-131.3 -51.74,-31.56 -109.55,-47.43 -173.45,-47.43 -62.12,0 -117.19,14.31 -165.2,43.11 -48.02,28.62 -85.46,68.4 -112.11,118.97 -26.85,50.76 -40.18,107.59 -40.18,171.09 0,68.59 15.1,131.51 45.48,189.12 30.37,57.43 72.12,102.9 125.03,136.21 52.91,33.32 111.7,49.98 176.38,49.98 58.01,0 110.73,-14.5 158.16,-43.12 18.23,-10.97 34.69,-23.71 49.78,-38.21l0 69.18c0,6.71 5.44,12.15 12.14,12.15l76.25 0c6.71,0 12.15,-5.64 12.15,-12.34l0 -337.69c0,-1.96 0,-3.92 -0.2,-5.88zm-105.04 119.75c-30.38,57.42 -69.97,103.28 -118.96,137.57 -49,34.3 -100.35,51.55 -153.85,51.55 -41.94,0 -79.18,-10.59 -111.71,-31.94 -32.73,-21.17 -58.02,-50.17 -76.04,-86.63 -18.03,-36.65 -26.86,-77.41 -26.86,-122.49 0,-60.75 14.51,-120.72 43.51,-179.91 29.01,-58.99 68.01,-107.4 116.62,-145.02 48.6,-37.44 100.73,-56.25 156.39,-56.25 41.74,0 79.18,10.78 112.1,32.33 32.93,21.56 58.6,51.16 77.02,88.59 18.23,37.63 27.44,80.55 27.44,128.95 0,64.68 -15.28,125.63 -45.66,183.25z"/>
   <path class="fil0" d="M307.99 356.01c-167.47,-113.77 -79.9,-345.65 111.9,-354.74 13.34,-0.64 33.49,-0.7 39.23,0.15 5.43,0.79 5.04,12.31 -1.82,12.24 -46.57,-0.51 -100.7,11.32 -128.06,51.29 -24.55,36.09 -36.86,83.1 -17.58,124.24 42.27,72.42 154.65,116.59 221.89,166.55 172.47,129.39 79.91,343.69 -111.82,354.17 -12.92,0.71 -33.49,0.69 -39.23,-0.15 -5.43,-0.8 -5.12,-11.78 1.74,-11.67 45.45,0.77 100.69,-11.32 128.05,-51.29 24.55,-36.08 36.86,-83.1 17.58,-124.24 -42.26,-72.42 -151.77,-117.21 -221.88,-166.55z"/>
   <path class="fil0" d="M198.82 710.01c-76.84,5.15 -201.34,-38.29 -201.34,-158.52 0,-78.26 0,-498.34 0,-513.6 0,-5.99 5.09,-10.51 11.86,-10.51l68.45 0c6.77,0 12.59,4.52 12.59,10.51l0 433.46c0.83,62.78 -9.64,206.88 108.55,226.99 6.89,1.18 7,11.31 -0.11,11.67z"/>
  </g>
 </g>
</svg>
