<?xml version="1.0" encoding="UTF-8"?>
<!DOCTYPE svg PUBLIC "-//W3C//DTD SVG 1.1//EN" "http://www.w3.org/Graphics/SVG/1.1/DTD/svg11.dtd">
<!-- Creator: CorelDRAW (OEM Version) -->
<svg xmlns="http://www.w3.org/2000/svg" xml:space="preserve" width="37.531mm" height="14.672mm" version="1.1" style="shape-rendering:geometricPrecision; text-rendering:geometricPrecision; image-rendering:optimizeQuality; fill-rule:evenodd; clip-rule:evenodd"
viewBox="0 0 3753.1 1467.2"
 xmlns:xlink="http://www.w3.org/1999/xlink"
 xmlns:xodm="http://www.corel.com/coreldraw/odm/2003">
 <defs>
  <style type="text/css">
   <![CDATA[
    .fil0 {fill:#FEFEFE;fill-rule:nonzero}
   ]]>
  </style>
 </defs>
 <g id="Layer_x0020_1">
  <metadata id="CorelCorpID_0Corel-Layer"/>
  <g id="Logo_x0020_Eleonora_x0020__x0028_1_x0029_.eps">
   <path class="fil0" d="M602.22 1006.88c0,0 33.35,-46.73 4.87,-92.21 -2.65,-4.21 -8.08,-5.75 -12.38,-3.25 -34.64,20.1 -194.67,104.28 -439.45,100.32 -10.82,-0.18 -21.73,-2.43 -31.24,-7.61 -16.76,-9.13 -34.42,-28.27 -9.47,-65.41 0,0 84.78,-139.72 498.31,-295.77 0,0 30.2,-8.98 30.14,-34.3 0,0 0.02,-0.53 0.02,-1.49 -0.19,-41.18 -34.4,-74.16 -75.58,-73.67 -4.49,0.05 -9.32,0.47 -14.42,0.84 -4.56,0.33 -8.64,0.73 -12.86,1.55 -35.55,6.93 -219.56,40.03 -344.05,18.46 0,0 -58.81,-7.88 -21.79,-65.79 0,0 63.9,-109.75 194.11,-203.18 130.21,-93.42 230.69,-130.54 296.52,-139.13 8.45,-1.1 47.87,-6.78 54.12,5.48 1.95,56.57 -51.13,94.41 -103.72,123.06 -3.76,2.05 -3.29,6.25 -1.23,10.7 4.63,10.01 14.5,16.63 25.4,18.36 11.81,1.88 23.34,2.5 35.84,2.79 31.88,0.76 73.69,-1.97 103,-17.94 43.34,-23.62 81.8,-57.84 104.1,-102.44 18,-35.99 6.89,-78.04 -2.66,-98.39 -7.3,-17.45 -30.27,-41.7 -57.2,-57.57 -57.85,-34.09 -107.64,-30.21 -163.18,-20.34 -54.79,9.73 -417.61,102.39 -606.29,470.03 -10.08,19.65 -15.64,41.58 -14.91,63.65 1.81,54.72 39.53,135.47 249.59,127.54 0,0 -320.95,166 -288.54,326.71 0,0 7.26,149.46 294,111.71 0,0 251.77,-25.36 308.95,-102.71z"/>
   <path class="fil0" d="M3315.07 878.42c-5.71,4.06 -11.7,7.66 -18.03,10.63 -16.55,7.79 -42.44,15.03 -31.15,-23.29 15.41,-52.28 43.75,-174.22 185.53,-189.06 11.31,-1.18 32.56,-4.96 42.17,-10.23 4.75,-2.62 8.36,-5.27 11.12,-7.91 -30.73,44.84 -107.01,161.13 -189.64,219.86zm-695.9 -87.57l0 0c0,0.02 7.3,57.1 -89.96,125.51 0,0 -6.04,3.7 -12,5.52 -15.39,4.7 -38.47,5.31 -32.13,-50.7 8.78,-77.48 33.05,-208.52 150.39,-219.99 -29.55,34.54 -42.5,94.24 -16.3,139.66zm-960.95 -3.43l0 0c0,0.03 -0.34,73.01 -88.03,127.08 -6.91,4.26 -14.83,6.95 -22.96,7.23 -15.21,0.53 -32.12,-6.72 -30.76,-42.42 2.26,-59.41 6.23,-142.4 98.67,-207.46 15.46,-10.88 33.4,-17.9 52.05,-21.02 4.23,-0.71 8.02,-1.44 11.49,-2.22 -30.63,32.65 -49.75,88.94 -20.46,138.81zm-494.16 -653.75l0 0c39.58,-38.13 30.06,-1.47 19.79,24.92 -10.26,26.4 -131.21,254.36 -250.33,361.05 -0.03,0.02 -0.06,0.07 -0.04,0.03 1.08,-2.29 120.37,-253.9 230.58,-386zm100.47 489.96c1.5,-0.85 3.06,-1.73 4.55,-2.58 51.52,-24.2 39.74,26.02 18.82,54.45 -17.88,24.3 -43.19,76.23 -127.26,109.96l-0.01 0c0.05,-0.21 21.22,-106.71 103.9,-161.83zm2428.84 218.04c0,0 -62.91,77.56 -116.31,82.12 0,0 -37.43,5.16 -22.97,-55.23 0,0 28.34,-127.97 51.81,-167.07 0,0 17.06,-28.97 -11.29,-49.01 -28.35,-20.04 -61.05,-31.16 -78.65,-9.64 -1.22,1.48 -2.82,3.66 -4.72,6.32 3.26,-8.32 0.25,-15.82 -0.51,-20.56 -11.25,-28.84 -41.34,-88.52 -165.53,-44.26 -103.36,36.84 -152.81,154.69 -173.34,218.23 0,0 -5.33,16.51 -16.68,30.57 -10.5,13.01 -96.84,110.69 -161.85,85.76l0 0c0,0 -41.05,-15.64 -12.7,-68.92 28.34,-53.28 106.7,-156.54 112.08,-198.09 0,0 13.69,-53.35 -26.88,-78.98 -40.57,-25.62 -85.05,-45.17 -90.91,-47.61 -5.87,-2.45 -28.84,-19.56 -12.22,-38.13 16.61,-18.57 50.83,-24.93 54.25,-55.23 1.2,-10.57 -3.19,-28.46 -17.15,-39.92 -11.95,-14.13 -28.93,-22.44 -48.16,-23.46 -21.13,-1.11 -53.85,11.55 -68.29,25.72 -29.05,28.52 -52.75,98.77 0.65,147.14 0,0 0.01,0.01 0,0.01 -0.04,0.09 -49.31,99.86 -148,151.65 -0.01,0.01 -0.02,0.01 -0.02,0.01 0.05,-0.22 15.06,-68.44 -45.94,-69.9 -11.22,-0.27 -22.04,2.93 -31.98,8.73 0.37,-18.38 -5.66,-84.44 -83.59,-80.09 -78.7,4.4 -162.55,94.82 -189.92,238.52 0,0 -1.49,13.05 -13.2,24.94 0,0 -63.33,71.38 -118.28,94.14 0,0 -33.71,14.17 -23.94,-26.4 9.76,-40.56 62.13,-185.31 76.3,-213.17 14.17,-27.86 4.89,-45.46 -2.45,-58.66 -7.33,-13.19 -37.63,-48.88 -87.98,-28.34 -50.34,20.52 -132.03,106.32 -221.47,196.74 0,0 -28.82,28.59 -19.07,7.62 0,0 79.18,-129.33 79.18,-172.34 0,-43.01 6.84,-92.38 -95.31,-85.05l0 0c-88.28,11.83 -202.4,63.78 -253.88,97.88 0.33,-2.22 0.48,-4.66 0.43,-7.38 -0.49,-26.39 -19.55,-98.74 -117.8,-64.52 -98.24,34.22 -132.69,91.34 -166.9,247.25l0 0c-0.01,0.01 -30.31,80.16 -138.33,117.8 0,0 -121.7,44.96 -129.53,-79.66l0 -0.01c0.13,-0.02 144.72,-25.49 232.66,-169.61 40.09,-63.54 -23.37,-130.08 -86.51,-131.97 -83.29,-2.5 -249.96,86.5 -265.6,304.51l0 0c-0.04,0.02 -72.01,83.49 -114.82,83.49 -29.61,0 -48.81,-6.78 -60.32,-43.27 -5.54,-17.58 -7.24,-44.76 -6.59,-63.18 1.24,-35.14 9.17,-100.64 44.57,-186.73 0,0 0,0 0,0 0.04,-0.02 120.27,-60.16 247.82,-259.55 0,0 186.48,-257.01 89.44,-337.26 0,0 0,0 0,0 -0.02,-0.02 -72.11,-52.24 -164.23,48.39 0,0 -115.84,120.24 -206.76,300.6 0,0 -186.93,363.64 -142.39,516.38 1.61,5.55 3.82,10.8 6.36,16 15.35,36.33 63.78,93.47 155.85,80.6 23.23,-3.26 45.02,-12.94 64.36,-26.21 22.4,-15.37 60.48,-47.29 93.33,-82.87 0,0 33.77,104.64 156.83,100.24 0,0 115.82,8.8 218.46,-117.28 0.01,-0.01 0,-0.01 0.02,-0.02 -0.03,0.89 -3.93,117.31 115.84,120.23 0,0 109.98,10.27 202.36,-151.03 0,0 65.98,-107.04 14.67,-170.09 0,-0.01 -0.01,-0.01 0,-0.01 0.09,-0.04 51.36,-24.94 95.3,-38.12 0,0 42.53,-16.13 68.92,-13.2 26.4,2.93 5.87,51.32 -10.26,89.45 -16.13,38.12 -66.72,137.16 -88.71,187.02 0,0 -26.4,45.46 -1.47,64.52l40.73 22.27c0,0 28.35,16.62 66.48,-21.51 38.13,-38.13 134.24,-161.92 241.6,-255.49 0,0 13.2,-10.7 -3.3,23.03 -16.49,33.73 -82.3,209.7 -23.65,244.89 58.66,35.2 107.05,8.81 147.62,-21.5 40.57,-30.3 93.73,-94.23 99.71,-99.04 0,0 0,0 0,16.13 0,16.13 -4.4,112.42 87.98,120.24 92.38,7.83 143.21,-31.27 220.93,-143.21l0 0c0,0 27.86,-47.41 41.06,-98.73l0 -0.01c0.06,-0.02 95.26,-16.79 183.7,-173.65 0,0 2.44,-5.86 8.3,0.5 5.87,6.35 63.06,22.97 46.44,60.6 -16.62,37.63 -110.44,138.46 -126.81,214.22 -15.64,72.35 20.91,150.01 149.62,141.26 48.08,-3.27 82.29,-22.9 169.75,-107.73 0.01,-0.01 -17.83,102 54.6,107.72 0,0 25.52,2.87 46.94,-2.09 28.53,-6.6 68.87,-23.54 125.23,-78.04l0 0c0,0 55.32,-63.42 73.8,-82.13 0.01,0 0.02,-0.01 0.01,-0.01 -0.03,0.16 -41.87,130.41 38.13,157.4 0,0 65.01,25.9 133.93,-43.02 0,0 74.64,-69.11 85.7,-94.16 0.63,-1.45 0.44,-3.04 -0.38,-4.39 -2.87,-4.65 -15.73,-15.08 -26.2,-4.1z"/>
   <path class="fil0" d="M3049.79 1121.75c-386.29,-11.8 -743.47,-37.92 -1129.96,-22.8 -187.45,7.33 -373.63,14.65 -560.02,34.95 -168.29,18.33 -335.6,41.31 -500.69,79.42 -138.43,31.95 -275.29,66.7 -400.48,134.42 -39.89,21.58 -41.38,83.27 0,104.56 45.2,23.26 112.52,24.39 157.6,0 75.14,-40.66 129.59,-62.47 205.03,-86.95 37.02,-12.02 74.55,-22.41 112.25,-32.03 19.01,-4.85 38.12,-9.29 57.25,-13.62 1.18,-0.26 2.21,-0.5 3.17,-0.71 1.66,-0.34 4.39,-0.9 8.69,-1.8 12.87,-2.69 25.77,-5.22 38.67,-7.71 158.88,-30.78 320.15,-47.2 480.93,-64.3 42.25,-4.5 84.46,-9.32 126.75,-13.46 23.09,-2.26 46.21,-4.26 69.33,-6.19 11.55,-0.96 23.11,-1.84 34.66,-2.73 5.61,-0.42 11.2,-0.83 16.8,-1.23 1.04,-0.06 4.78,-0.3 11.36,-0.75 96.21,-6.27 192.61,-15.56 289,-17.34 193.02,-3.57 421.3,-10.95 614.23,-4.92 143.32,4.48 251.54,9.89 394.76,2.68 54.74,-2.75 107.75,-11.79 111.44,-39.74 3.66,-27.78 -108.22,-38.75 -140.77,-39.75z"/>
   <path class="fil0" d="M3703.06 576.33c3.17,0 5.83,0.85 8,2.54 2.15,1.7 3.59,4.12 4.31,7.25l11.2 0c-1.32,-6.06 -4.01,-10.68 -8.07,-13.87 -4.07,-3.18 -9.25,-4.77 -15.57,-4.77 -7.83,0 -14.27,2.59 -19.31,7.76 -5.04,5.18 -7.56,11.92 -7.56,20.23 0,8.57 2.55,15.54 7.65,20.9 5.1,5.36 11.64,8.05 19.61,8.05 6.22,0 11.47,-1.8 15.75,-5.41 4.27,-3.61 6.78,-8.19 7.5,-13.74l-11.2 0c-0.38,3.01 -1.69,5.47 -3.94,7.38 -2.24,1.91 -4.94,2.86 -8.11,2.86 -4.5,0 -8.36,-1.85 -11.59,-5.57 -3.24,-3.7 -4.85,-8.57 -4.85,-14.59 0,-5.86 1.52,-10.49 4.56,-13.9 3.05,-3.42 6.93,-5.12 11.62,-5.12z"/>
   <path class="fil0" d="M3734.83 615.41c-3.43,5.88 -8.16,10.54 -14.18,13.97 -6.02,3.43 -12.49,5.15 -19.4,5.15 -6.87,0 -13.31,-1.72 -19.31,-5.15 -6,-3.43 -10.72,-8.11 -14.15,-14.03 -3.43,-5.91 -5.15,-12.29 -5.15,-19.12 0,-6.82 1.72,-13.22 5.15,-19.17 3.43,-5.96 8.15,-10.66 14.15,-14.09 6,-3.44 12.48,-5.15 19.44,-5.15 10.68,0 19.79,3.76 27.32,11.29 7.53,7.52 11.29,16.65 11.29,27.38 0,6.75 -1.72,13.05 -5.16,18.92zm8.69 -43.35c-4.35,-7.5 -10.29,-13.43 -17.81,-17.77 -7.53,-4.35 -15.66,-6.52 -24.4,-6.52 -8.73,0 -16.86,2.17 -24.39,6.52 -7.53,4.34 -13.47,10.27 -17.81,17.77 -4.35,7.51 -6.52,15.59 -6.52,24.24 0,8.69 2.17,16.81 6.52,24.33 4.34,7.53 10.29,13.47 17.84,17.81 7.55,4.35 15.67,6.52 24.36,6.52 8.7,0 16.82,-2.17 24.36,-6.52 7.55,-4.34 13.5,-10.28 17.85,-17.81 4.35,-7.52 6.52,-15.64 6.52,-24.33 0,-8.65 -2.17,-16.73 -6.52,-24.24z"/>
  </g>
 </g>
</svg>
