<?xml version="1.0" encoding="UTF-8"?>
<!DOCTYPE svg PUBLIC "-//W3C//DTD SVG 1.1//EN" "http://www.w3.org/Graphics/SVG/1.1/DTD/svg11.dtd">
<!-- Creator: CorelDRAW (OEM Version) -->
<svg xmlns="http://www.w3.org/2000/svg" xml:space="preserve" width="46.8mm" height="5.171mm" version="1.1" style="shape-rendering:geometricPrecision; text-rendering:geometricPrecision; image-rendering:optimizeQuality; fill-rule:evenodd; clip-rule:evenodd"
viewBox="0 0 4680 517.1"
 xmlns:xlink="http://www.w3.org/1999/xlink"
 xmlns:xodm="http://www.corel.com/coreldraw/odm/2003">
 <defs>
  <style type="text/css">
   <![CDATA[
    .fil0 {fill:#FEFEFE}
   ]]>
  </style>
 </defs>
 <g id="Layer_x0020_1">
  <metadata id="CorelCorpID_0Corel-Layer"/>
  <g id="_3097991623776">
   <path class="fil0" d="M4027.4 521.04l52.6 0c15.65,-7.22 34.42,-2.19 74.44,-21.95 167.77,-82.84 131.61,-370.62 -89.67,-373.28 -222.96,-2.68 -268.97,279.66 -109.25,372.84 30.46,17.77 58.04,16.25 71.88,22.39z"/>
   <path class="fil0" d="M2430.66 133.03c-4.04,25.2 34.99,-6.67 47.49,72.59 8.81,55.84 -3.77,166.91 -8.11,227.76 -1.25,17.43 -0.79,39.08 -8.96,52.94 -4.2,7.14 -7.84,10.54 -16.95,12.97 -9.95,2.65 -17.95,4.58 -12.67,16.32 10.93,4.55 41.6,-0.68 56.35,-0.39 16.74,0.33 41.67,4.23 55.36,-0.57 3.28,-22.71 -30.27,-5.85 -43.33,-37.62 -7.72,-18.78 -3.98,-54.25 -3.22,-76.28 0.91,-26.1 3.22,-141.2 6.6,-157.23 10.16,2.07 12.6,13.35 20.46,30.3l96.79 202.2c5.37,10.95 9.67,27.52 18.85,32.26 10.47,-7.67 61.17,-117.42 71.01,-137.54l51.83 -105.68c5.84,-12.15 10.3,-28.23 22.2,-30.36 9.99,12.65 7.64,128.66 8.3,154.75 0.64,25.35 2.84,54.98 1.91,79.84 -1.52,40.72 -40.43,26.88 -31.95,46.08 3.09,1.55 109.07,1.64 115.91,-0.28 1.8,-22.23 -22.07,-8.23 -34.06,-23.75 -9.06,-11.72 -8.38,-32.24 -8.89,-50.06l-6.58 -233.24c-0.54,-18.35 -1.62,-37.78 8.65,-50.88 11.5,-14.66 38.39,-6.99 30.8,-24.88 -1.66,-0.7 -56.97,-1.05 -58.25,-0.53 -8.46,3.41 -61.97,118.98 -68.12,131.29 -15.01,30.06 -29.58,58.37 -44.67,88.75 -8.05,16.19 -37.13,80.8 -46.13,87.24 -10.75,-8.57 -37.8,-71.07 -45.37,-87.87 -29.2,-64.81 -69.36,-143.19 -95.82,-205.31 -4.91,-11.53 -3.64,-15.69 -17.82,-14.99 -9.68,0.47 -58.4,0.33 -61.61,2.17z"/>
   <path class="fil0" d="M3007.06 513.74c6.77,-22.59 -33.94,-0.09 -37.06,-36.55 -1.65,-19.23 11.98,-41.22 19.07,-56.95 28.08,-62.32 13.36,-54.21 98.82,-54.2 92.38,0.01 78.05,-11.17 102.04,50.96 6.37,16.5 16.3,37.59 20.76,55.05 10.24,40.1 -38.59,21.57 -29.1,42.92 11.01,5.35 48.41,-0.07 63.8,0.29 15.58,0.37 54.64,5.28 65.14,-0.66 -0.72,-10.9 -10.72,-9.4 -22.19,-12.58 -28.58,-7.92 -33.91,-27.85 -47.47,-64.19 -13.35,-35.75 -28.12,-71.05 -42.65,-106.87l-64.17 -159.1c-10.34,-25.3 -14.16,-48.01 -27.12,-49.6 -9.52,11.48 -162.97,351.23 -172.96,364.5 -13.78,18.3 -42.8,18.03 -33.39,28.04 4.56,4.86 44.15,-0.24 65.52,1.1 11.08,0.7 32.61,5.81 40.96,-2.16z"/>
   <path class="fil0" d="M4343.75 239.94l0 197.37c0,34.87 -5.37,52.99 -32.72,62.82 -9.22,3.32 -19.08,5.23 -12.95,14.89 3.99,4 62.34,-0.2 85.72,1.06 5.29,0.28 10.81,0.79 16.03,1 11.54,0.49 10.92,-0.05 13.36,-2.78 9.76,-12.63 -21.3,-11.44 -30.01,-16.62 -16.11,-9.57 -15.75,-25.06 -15.75,-44.42l0 -201.36c0,-26.96 0.84,-31.74 27.05,1.19l34.55 39.26c5.51,7.08 11.13,12.1 16.82,19.1 3.39,4.16 5.01,5.12 8.76,9.09 3.32,3.53 4.82,6.18 8.04,9.99 3.08,3.63 5.55,5.37 8.83,9.04l16.88 18.99c3.58,4.23 5.03,6.93 9.02,10.98 7.82,7.95 10.64,12.68 16.96,18.93l51.81 57.76c3.39,3.58 4.86,6.12 8.1,9.96 13.09,15.48 51.75,61.34 64.68,62.69 5,-7.83 4.12,-17.57 4.12,-27.74l0 -307.02c0,-50.48 31.55,-27.64 31.69,-52.12 -3.54,-0.99 -113.09,-0.42 -115.26,0.34 -0.47,28.69 60.01,-5.75 60.01,77.69 0,56.36 2.24,179.99 -0.68,228.75 -7.06,-2.36 -8.41,-6.57 -13,-12.24l-61.5 -68.04c-4.82,-4.68 -7.36,-9.1 -12.03,-13.95l-24.95 -26.8c-4.51,-4.98 -6.97,-9.21 -11.87,-14.1l-73.92 -81.54c-4.98,-4.93 -7.23,-9.08 -11.86,-14.13l-61.45 -68.06c-11.77,-16.07 -17.66,-6.42 -40.31,-7.36 -5.65,-0.24 -19.03,-2.6 -23.6,-1.64 -9.63,2.01 -7.91,9.41 -0.04,12.98 18.77,8.53 59.47,1.34 59.47,96.04z"/>
   <path class="fil0" d="M3630.59 521.04l40.26 0c18.76,-6.45 61.94,-3.99 94.8,-31.96 20.63,-17.56 41.89,-47.74 40.04,-89.74 -5.77,-131.71 -192.45,-92.41 -218.14,-166.6 -26.28,-75.88 80.46,-114.51 146.47,-74.69 20.67,12.46 34.17,30.93 42.52,53.13 3.77,10.05 4.42,19.83 17.1,16.51 3.15,-8.79 -5.32,-80.01 -9.97,-87.2 -17.21,-1.74 -5.39,10.16 -24.89,0.82 -28.1,-13.48 -65.03,-17.44 -96.72,-14.96 -110.98,8.69 -129.89,112.79 -83,166.62 46.44,53.32 167.88,41.96 193.83,101.31 14.57,33.32 -2.05,76.01 -41.4,96.46 -49.37,25.63 -119.13,15.13 -157.05,-39.55 -5.04,-7.25 -9.72,-16.13 -12.69,-25.19 -4.21,-12.85 -1.26,-21.91 -15.15,-22.03 -7.66,10.38 5.29,67.83 10.31,84.65 6.51,21.78 56,23.98 73.68,32.42z"/>
   <path class="fil0" d="M3393.41 184.12l0.01 269.14c-0.01,16.25 -2.81,32.39 -12.47,39.87 -10.08,7.81 -34.63,4.66 -28.47,20.17 4.55,6.64 22.12,3.19 29.11,2.79 29.31,-1.68 91.5,2.6 102.97,-0.96 0.18,-16.86 -18.98,-12.39 -32.7,-19.18 -16.21,-8.02 -15.2,-21.68 -15.22,-42.69l0 -267.15c-0.04,-54.54 35.09,-32.86 39.16,-51.33 -6.21,-5.83 -11.96,-4.33 -23.09,-3.75 -37.91,1.97 -44.05,1.91 -83.88,-0.06 -6.73,-0.34 -21.74,-2.57 -19.01,6.55 1.77,5.91 14.47,6.57 20.87,9.04 17.6,6.79 22.72,15.73 22.72,37.56z"/>
   <path class="fil0" d="M-5.28 131.04l0 7.13c28.62,19.71 46.65,-9.92 46.62,68.15l0 226.23c0,31.54 3.39,51.31 -23.76,62.52 -9.58,3.96 -15.45,3.67 -15.03,14.87 8.68,5.8 53.56,0.6 67.58,0.51l51.6 1.54c10.27,0.72 14.17,1.64 17.63,-2.58 6.82,-11.89 -26.52,-13.8 -35.25,-17.56 -14.68,-6.33 -19.69,-19.08 -19.73,-39.39 -0.03,-16.91 -2.19,-109.06 1.29,-116.74 3.01,-4.27 0.31,-3.94 8.9,-5.43 3.44,-0.6 9.52,-0.37 13.19,-0.34 51.75,0.39 45.09,-1.95 82.49,59.92 17.44,28.85 50.58,82.1 71.04,101.58 20.18,19.21 49.59,26.03 77.96,19.57 8.09,-1.84 6.96,-1.99 8.53,-7.76 -7.37,-5.4 -19.82,-5.22 -29.48,-11.3 -24.3,-15.3 -42.45,-48.11 -58.39,-72.58 -22.17,-34.01 -45.54,-69.84 -67.86,-103.12 7.06,-4.73 13.65,-6.92 20.28,-11.41 59.79,-40.5 61.38,-117.79 17.22,-152.8 -41.87,-33.2 -110.29,-23.77 -169.34,-22.47 -15.84,0.35 -55.68,-3.79 -65.49,1.46z"/>
   <path class="fil0" d="M1470.95 130.91c-2.64,18.93 22.72,9.09 35.69,22.07 11.03,11.04 9.81,28.99 9.8,47.38l0 234.17c0.01,18.68 1.63,36.5 -7.57,49.63 -9.45,13.49 -34.41,10.33 -30.81,26.9 12.27,3.77 52.62,-0.56 68.51,-0.62 14.33,-0.06 59.14,4.58 67.82,-0.18 5.19,-14.15 -24.18,-13.4 -35.66,-18.56 -15.1,-6.77 -19.32,-20.46 -19.27,-41.29 0.05,-24.46 -3.1,-98.36 1.22,-117.03 12.73,-5.1 34.08,-3.79 50.13,-2.67 20,1.41 24.02,10.58 32.85,24.56 24.05,38.06 61.45,104.69 91.67,134.6 21.36,21.15 43.84,26.77 76.75,21.48 7.9,-1.27 7.13,-0.96 10.61,-5.38 -5,-11.32 -30.02,-4.59 -51.79,-33.78 -11.64,-15.6 -99.26,-146.49 -103.87,-157.26 26.57,-7.3 55.73,-39.07 64,-66.99 11.55,-38.96 -3.83,-79.94 -26.64,-96.25 -29.99,-21.42 -59.75,-25.2 -104.21,-23.88 -21.8,0.65 -43.71,1.3 -65.51,1.78 -12.91,0.29 -56.23,-3.49 -63.72,1.32z"/>
   <path class="fil0" d="M2245.11 510.44l0 -6.03c-33.82,-18.23 -38.12,12.39 -70.9,-74.4l-115.51 -287.33c-3.87,-10.21 -4.43,-20.11 -14.02,-23.36 -10.4,5.71 -39.45,77.74 -49.96,98.55l-95.63 204.05c-8.73,19.53 -23.25,60.48 -41.54,71.54 -10.36,6.26 -21.51,4.21 -21.39,16.48 8.9,6.09 38.77,0.33 51.74,0.6l41.82 2.15c1.54,-0.03 4.27,-0.12 5.72,-0.41l6.11 -2.52c14.26,-21.03 -31.53,-1.83 -35.55,-35.71 -2.24,-18.89 11.73,-42.91 18.74,-58.32 29.87,-65.73 18.59,-53.56 100.09,-53.6 14.48,-0.01 64.45,-1.89 74.52,1.88 13.79,5.16 20.05,35.54 26.26,51.11 6.67,16.73 16.51,37.69 20.4,55.01 8,35.6 -37.2,19.8 -29.89,39.79 11.54,6.97 47.67,0.32 63.51,0.65 16.58,0.36 53.32,5.34 65.48,-0.13z"/>
   <path class="fil0" d="M1188.84 202.35l0.02 238.13c-0.01,14.52 0.72,37.93 -7.96,47.09 -8.69,9.18 -34.33,11.38 -29.38,22.42 9.16,6.14 79.63,0.19 97.38,0.35l101.21 2.19c30.79,0 41.78,-5.9 55.26,-22.74 7.96,-9.95 29.06,-33.8 21.17,-54.31 -7.1,0 -11.88,8.55 -17.87,14 -22.52,20.5 -38.29,28.09 -71.7,35.3 -20.94,4.51 -44.36,6.32 -66.26,5.88 -28.8,-0.59 -38.8,-3.25 -38.8,-32.32l0.01 -113.11c0,-21.26 2.13,-16.86 48.74,-16.86 57.11,0.02 68.84,-5.09 76.12,34.04 2.34,12.55 1.96,13.48 14.05,13.19 1.94,-8.66 1.49,-106.15 -0.71,-113.86 -17.53,-0.55 -7.4,16.93 -21.39,30.51 -17.4,16.91 -66.19,12.04 -95.86,12.05 -20.97,0 -20.96,0.03 -20.96,-20.59 0,-31.07 -3.14,-105.09 4.28,-129.64 22.6,-4.76 74.2,-5.08 99.03,-2.36 69.74,7.64 30.01,40.95 52.6,52.6 14.52,-6.62 12.28,-64.9 9.55,-75.17 -13.99,-3.68 -83.37,0.69 -104.81,0.2 -13.83,-0.31 -137.94,-4.52 -145.84,0.91 -13.67,9.4 13.6,12.7 19.1,14.34 23.65,7.05 23.02,31.95 23.02,57.76z"/>
   <path class="fil0" d="M536.44 130.91c-1.88,13.54 7.49,9.81 19.72,16.08 8.88,4.55 13.95,9.81 18.28,17.42 7.87,13.82 15.62,35.88 22.11,51.29 14.82,35.17 28.98,68.13 43.64,103.24l65.43 154.81c11.19,26.59 21.88,74.96 39.79,26.81l138.71 -329.64c16.28,-37.96 38.47,-27.36 29.11,-39.26 -5.81,-7.37 -37.43,-0.35 -69.16,-3.04 -3.31,-0.28 -8.9,-0.95 -12.02,-0.84 -3.33,0.11 -2.42,-0.1 -5.61,0.69 -4.92,1.21 -2.77,0.72 -4.82,2.02 -9.6,25.47 56.87,-10.13 24.21,71.64l-82.97 204.74c-4.88,11.96 -9.67,33.88 -20,40.19 -10.98,-7.3 -37.87,-79.21 -45.13,-96.38l-63.83 -150.51c-6.16,-14.74 -20.55,-39.4 -6.24,-53.5 4.74,-4.67 22.26,-10.97 13.39,-17.23 -4.97,-3.5 -27.87,-0.35 -35.11,0 -14.64,0.71 -60.82,-4.97 -69.5,1.47z"/>
   <path class="fil0" d="M373.74 128.75c-1.15,15.57 5.83,6.58 27.46,18.34 12.39,6.74 15.58,13.72 15.58,31.44l0.01 271.88c0.01,56.09 -35.45,37.2 -41.5,51.23 -7.48,17.35 44.18,8.8 61.97,8.81 16.73,0.01 59.94,5.74 70.54,-1.43 -0.14,-15.26 -22.95,-10.67 -35.99,-19.73 -14.05,-9.77 -11.98,-25.33 -11.98,-46.82l0.01 -234.17c0,-30.23 -6.92,-54.22 21.05,-65.51 10.69,-4.3 16.07,-0.26 17.89,-12.57 -13.08,-5.99 -46.37,-0.28 -63.51,-0.41 -8.82,-0.08 -58.25,-3.23 -61.53,-1.06z"/>
   <path class="fil0" d="M956.29 130.43c-2.74,15.06 13.59,4.11 33.77,21.16 12.75,10.78 9.41,31.48 9.41,50.76l0 234.16c0.04,18.74 1.28,36.24 -9.7,48.46 -12.77,14.2 -36.29,5.57 -31.3,25.66 5.83,1.58 127.16,1.42 131.99,-0.14 -1.15,-17.77 -22.8,-11.93 -36.83,-21.61 -14.41,-9.93 -11.11,-27.46 -11.11,-46.41l0 -234.17c0,-36.03 -6.09,-54.78 21.59,-65.73 9.96,-3.94 15.99,-1.59 17.3,-11.06 -9.68,-8.01 -45.39,-1.74 -60.72,-1.7l-59.38 -1.44c-7.09,1.72 -2.34,0.33 -5.02,2.06z"/>
   <path class="fil0" d="M1227.56 3.9l-10.96 0c-32.24,24.69 10.92,44.15 30.23,55.64 32.44,19.31 47.76,36.45 75.97,36.22 -4.58,-8.77 -69.03,-71.3 -81.61,-82.2 -5.16,-4.46 -8.6,-5.73 -13.63,-9.66z"/>
  </g>
 </g>
</svg>
